

2021.10.12 朗读


173（2）

2021.10.14
172
171


2021.10.16
170


2021.10.20
169

2021.10.21
168

2021.10.22
167
2021.10.25
166

10.26
165
10.29
164

11.3
163

11.4
162

11.12
161


11。13
160

12.8

159
12.9
158 157
12.10
156

12。11

155 154

12.12
153

12.13
152 151 
12.14
150

12.15
149

12.16
148

12.17

147


12.18

146


12.19
145

12.20
144


12.21

143

12.22
142
141

12.23
140


12.24
139


12.25
138

12.27


137

12.28
136


12.29
135


12.30

134 133 


12.31
132 


1.2

131

1.3

130

1.5
129  128

1.6

127　　126

1.7

125 124

1.8 

123

1.9
122 121


1.10
120  119



1.11

118 117 


1.12

116 115


1.15

114  113


1.16
112 111

1.17

110 

1.19

109  108


1.20

107 106


1.21

105 104 


1.22 

103 102 101


1.23
100

1.25 

99

1.26

98 


1.27

97


1.28

96 

1.30
95

1.31

94 93

2.1

92 90 

2.2 

89 88 


2.3

87 

2.4 
86 

2.3 

85 

2.7

83

2.8
82 81
 
2.9

80 79


2.12
77


2.13
76

2.14

75 

2.20
74

2.21

73 72 71


2.22

70

2.23

69 


2.24

68 67

2.25

66 65

2.26

64 63 


2.27 

62 61 


2.28 

60 59 

3.1


58 57 

3.2 

56 55


3.3


54 53 

3.4


52 51 50

3.5 

49 48 


3.10


47 46 

3.13


43

3.15 
42 41 


3.16

40 39

3.17

38  37 

3.18

36 

3.21
35 34  

3.22

33 32 


3.23 

31  

3.24 

30 29  


3.25 


28 27 


3.26

26  25 


3.31

20 19

4.3

18 17
